-1.000000000000000000e+01 -9.518181776177353504e-01 nan nan -4.046323077028365911e-02
-9.750000000000000000e+00 -9.218378057933204195e-01 nan nan -4.078282021958741510e-02
-9.500000000000000000e+00 -8.918398835058820584e-01 nan nan -4.110446555075435160e-02
-9.250000000000000000e+00 -8.618249818726233524e-01 nan nan -4.142814226924677184e-02
-9.000000000000000000e+00 -8.317936723340025873e-01 nan nan -4.175382572582996693e-02
-8.750000000000000000e+00 -8.017465266428664972e-01 nan nan -4.208149111844727841e-02
-8.500000000000000000e+00 -7.716841168535552020e-01 nan nan -4.241111349411051668e-02
-8.250000000000000000e+00 -7.416070153110165819e-01 nan nan -4.274266775080001746e-02
-8.000000000000000000e+00 -7.115157946399108813e-01 nan nan -4.307612863937511360e-02
-7.750000000000000000e+00 -6.814110277337036559e-01 nan nan -4.341147076549790179e-02
-7.500000000000000000e+00 -6.512932877437609402e-01 nan nan -4.374866859156758409e-02
-7.250000000000000000e+00 -6.211631480684381978e-01 nan nan -4.408769643866413540e-02
-7.000000000000000000e+00 -5.910211823421633870e-01 nan nan -4.442852848850407932e-02
-6.750000000000000000e+00 -5.608679644245156970e-01 nan nan -4.477113878540740083e-02
-6.500000000000000000e+00 -5.307040683893002875e-01 nan nan -4.511550123827362535e-02
-6.250000000000000000e+00 -5.005300685136155892e-01 nan nan -4.546158962256871550e-02
-6.000000000000000000e+00 -4.703465392669237133e-01 nan nan -4.580937758232193902e-02
-5.750000000000000000e+00 -4.401540553001151435e-01 nan nan -4.615883863213406102e-02
-5.500000000000000000e+00 -4.099531914345622141e-01 nan nan -4.650994615919308572e-02
-5.250000000000000000e+00 -3.797445226511794170e-01 nan nan -4.686267342530106572e-02
-5.000000000000000000e+00 -3.495286240794737154e-01 nan nan -4.721699356891157634e-02
-4.750000000000000000e+00 -3.193060709866014091e-01 nan nan -4.757287960717362929e-02
-4.500000000000000000e+00 -2.890774387664077349e-01 nan nan -4.793030443798736856e-02
-4.250000000000000000e+00 -2.588433029284761266e-01 nan nan -4.828924084206832890e-02
-4.000000000000000000e+00 -2.286042390871706742e-01 nan nan -4.864966148501972953e-02
-3.750000000000000000e+00 -1.983608229506785281e-01 nan nan -4.901153891941416318e-02
-3.500000000000000000e+00 -1.681136303100494445e-01 nan nan -4.937484558688347291e-02
-3.250000000000000000e+00 -1.378632370282293351e-01 nan nan -4.973955382021896798e-02
-3.000000000000000000e+00 -1.076102190291020888e-01 nan nan -5.010563584547635813e-02
-2.750000000000000000e+00 -7.735515228651976272e-02 nan nan -5.047306378409197741e-02
-2.500000000000000000e+00 -4.709861281334504213e-02 nan nan -5.084180965500604416e-02
-2.250000000000000000e+00 -1.684117665047253284e-02 nan nan -5.121184537679254051e-02
-2.000000000000000000e+00 1.341658014412630030e-02 nan nan -5.158314276979866775e-02
-1.750000000000000000e+00 4.367408150637963615e-02 nan nan -5.195567355829050493e-02
-1.500000000000000000e+00 7.393075137707753874e-02 nan nan -5.232940937260626563e-02
-1.250000000000000000e+00 1.041860137128363534e-01 nan nan -5.270432175131663233e-02
-1.000000000000000000e+00 1.344392924970740921e-01 nan nan -5.308038214339205751e-02
-7.500000000000000000e-01 1.646900117509737527e-01 nan nan -5.345756191037831506e-02
-5.000000000000000000e-01 1.949375955444466457e-01 nan nan -5.383583232857568068e-02
-2.500000000000000000e-01 2.251814680070957364e-01 nan nan -5.421516459122694559e-02
0.000000000000000000e+00 2.554210533391849114e-01 nan nan -5.459552981071189026e-02
2.500000000000000000e-01 2.856557758226010435e-01 nan nan -5.497689902074661544e-02
5.000000000000000000e-01 3.158850598318089231e-01 nan nan -5.535924317858875038e-02
7.500000000000000000e-01 3.461083298448176526e-01 nan nan -5.574253316725086282e-02
1.000000000000000000e+00 3.763250104541295826e-01 nan nan -5.612673979771616584e-02
1.250000000000000000e+00 4.065345263777018769e-01 nan nan -5.651183381116194060e-02
1.500000000000000000e+00 4.367363024698999174e-01 nan nan -5.689778588118858671e-02
1.750000000000000000e+00 4.669297637324426598e-01 nan nan -5.728456661605160760e-02
2.000000000000000000e+00 4.971143353253463237e-01 nan nan -5.767214656090024344e-02
2.250000000000000000e+00 5.272894425778809069e-01 nan nan -5.806049620002128042e-02
2.500000000000000000e+00 5.574545109995000525e-01 nan nan -5.844958595908636423e-02
2.750000000000000000e+00 5.876089662907826305e-01 nan nan -5.883938620740357395e-02
3.000000000000000000e+00 6.177522343543688788e-01 nan nan -5.922986726017498427e-02
3.250000000000000000e+00 6.478837413058823325e-01 nan nan -5.962099938075673261e-02
3.500000000000000000e+00 6.780029134848654104e-01 nan nan -6.001275278292338838e-02
3.750000000000000000e+00 7.081091774656961269e-01 nan nan -6.040509763313652719e-02
4.000000000000000000e+00 7.382019600685069127e-01 nan nan -6.079800405281703124e-02
4.250000000000000000e+00 7.682806883700916689e-01 nan nan -6.119144212061965182e-02
4.500000000000000000e+00 7.983447897148223671e-01 nan nan -6.158538187471229719e-02
4.750000000000000000e+00 8.283936917255459997e-01 nan nan -6.197979331505753392e-02
5.000000000000000000e+00 8.584268223144839727e-01 nan nan -6.237464640569721774e-02
5.250000000000000000e+00 8.884436096941215055e-01 nan nan -6.276991107703974726e-02
5.500000000000000000e+00 9.184434823880923693e-01 nan nan -6.316555722814973239e-02
5.750000000000000000e+00 9.484258692420673986e-01 nan nan -6.356155472904148618e-02
6.000000000000000000e+00 9.783901994346180242e-01 nan nan -6.395787342297187816e-02
6.250000000000000000e+00 1.008335902488091351e+00 nan nan -6.435448312873785770e-02
6.500000000000000000e+00 1.038262408279465365e+00 nan nan -6.475135364297496254e-02
6.750000000000000000e+00 1.068169147051208911e+00 nan nan -6.514845474245704871e-02
7.000000000000000000e+00 1.098055549422124910e+00 nan nan -6.554575618639764401e-02
7.250000000000000000e+00 1.127921046398193905e+00 nan nan -6.594322771875391065e-02
7.500000000000000000e+00 1.157765069383402290e+00 nan nan -6.634083907052973350e-02
7.750000000000000000e+00 1.187587050190572091e+00 nan nan -6.673855996208104269e-02
8.000000000000000000e+00 1.217386421052175649e+00 nan nan -6.713636010542220478e-02
8.250000000000000000e+00 1.247162614631146971e+00 nan nan -6.753420920653227522e-02
8.500000000000000000e+00 1.276915064031683977e+00 nan nan -6.793207696766184744e-02
8.750000000000000000e+00 1.306643202810032545e+00 nan nan -6.832993308964024903e-02
9.000000000000000000e+00 1.336346464985286531e+00 nan nan -6.872774727418375085e-02
9.250000000000000000e+00 1.366024285050148279e+00 nan nan -6.912548922620195824e-02
9.500000000000000000e+00 1.395676097981704888e+00 nan nan -6.952312865610503489e-02
9.750000000000000000e+00 1.425301339252181165e+00 nan nan -6.992063528211128753e-02
1.000000000000000000e+01 1.454899444839683920e+00 nan nan -7.031797883255168358e-02
